85,
1105,
5865,
17425,
38845,
73185,
123505,
192865,
284325,
400945,
545785,
72190,
5932365,
1180225,
1468545,
1800385,
2178805,
2606865,
3087625,
3624145,
4219485,
4876705,
5598865,
6389025,
7250245,
8185585,
9198105,
10290865,
11466925,
12729345,
14081185,
15525505,
17065365,
18703825,
20443945,
22288785,
24241405,
26304865,
28482225,
3077654,
533190885,
35728305,
38391865,
41184625,
44109645,
47169985,
50368705,
53708865,
57193525,
60825745,
64608585,
68545105,
72638365,
76891425,
81307345,
85889185,
90640005,
95562865,
100660825,
105936945,
111394285,
117035905,
122864865,
128884225,
135097045,
141506385,
148115305,
154926865,
161944125,
169170145,
176607985,
184260705,
192131365,
200223025,
208538745,
217081585,
225854605,
234860865,
244103425,
253585345,
263309685,
273279505,
283497865,
293967825,
304692445,
315674785,
326917905,
338424865,
350198725,
362242545,
374559385,
387152305,
400024365,
413178625,
426618145,
440345985,
454365205,
468678865,
483290025,
498201745,
513417085